O3 flag on
C++ Unopt    | Size 8 | 0.000 seconds | 1549.04 | [ 0 1 6 4 2 3 5 7 ]
C++ Unopt    | Size 9 | 0.003 seconds | 1568.56 | [ 5 7 0 1 6 4 2 3 8 ]
C++ Unopt    | Size 10 | 0.034 seconds | 1592.54 | [ 8 3 2 4 6 1 0 7 5 9 ]
C++ Unopt    | Size 11 | 0.301 seconds | 1592.65 | [ 1 6 4 2 3 8 9 5 7 0 10 ]
C++ Unopt    | Size 12 | 2.918 seconds | 1223.27 | [ 1 10 5 3 8 7 2 6 4 9 0 11 ]
C++ Opt      | Size 10 | 0.001 seconds | 1399.75 | [ 5 0 4 6 8 3 2 7 1 9 ]
C++ Opt      | Size 11 | 0.006 seconds | 1570.08 | [ 8 3 2 7 1 9 5 0 4 6 10 ]
C++ Opt      | Size 12 | 0.009 seconds | 1640.23 | [ 8 10 6 4 0 5 9 1 7 2 3 11 ]
C++ Opt      | Size 13 | 0.031 seconds | 1657.70 | [ 7 1 2 0 9 5 4 6 10 8 11 3 12 ]
C++ Opt      | Size 14 | 0.052 seconds | 1694.46 | [ 9 5 0 4 6 10 8 11 3 12 2 7 1 13 ]
C++ Opt      | Size 15 | 0.597 seconds | 1648.74 | [ 9 0 13 4 10 12 11 3 1 2 7 8 5 6 14 ]
C++ Opt      | Size 16 | 0.369 seconds | 1751.46 | [ 12 10 11 4 13 0 9 14 6 5 8 7 2 1 3 15 ]
C++ Opt      | Size 17 | 0.394 seconds | 1913.88 | [ 13 14 1 15 8 4 3 11 7 9 10 0 2 6 5 12 16 ]
C++ Opt      | Size 18 | 0.588 seconds | 1921.63 | [ 2 0 6 5 12 16 13 14 1 15 8 4 3 11 7 9 10 17 ]
C++ Opt      | Size 19 | 0.230 seconds | 1970.83 | [ 2 0 7 11 3 4 9 5 1 16 12 14 6 17 15 10 8 13 18 ]
C++ Opt      | Size 20 | 0.470 seconds | 1978.89 | [ 13 18 2 0 7 11 3 4 9 5 1 16 12 14 6 17 15 10 8 19 ]
C++ Opt      | Size 21 | 0.292 seconds | 1988.22 | [ 11 3 4 9 5 1 16 12 14 6 17 15 10 8 19 13 18 2 0 7 20 ]
C++ Opt      | Size 22 | 1.116 seconds | 1840.32 | [ 10 15 5 11 7 16 18 14 12 1 20 9 13 8 6 19 3 2 17 4 0 21 ]
C++ Opt      | Size 23 | 1.236 seconds | 1763.05 | [ 2 9 21 14 3 7 12 19 18 6 17 15 10 11 16 1 4 20 8 5 0 13 22 ]
C++ Opt      | Size 24 | 50.390 seconds | 1991.15 | [ 20 3 5 21 11 22 8 14 12 17 13 9 15 6 16 4 19 18 1 7 0 10 2 23 ]
C++ Opt      | Size 25 | 31.439 seconds | 2034.64 | [ 6 9 13 8 1 19 17 0 21 16 15 18 14 3 12 11 22 20 5 23 7 10 4 2 24 ]
C++ Opt      | Size 26 | 17.246 seconds | 2074.54 | [ 22 6 4 8 10 13 15 3 18 2 21 16 20 23 9 1 0 5 19 24 11 12 14 17 7 25 ]
